105
70100663 74990651
44471358 47189330
91119818 127886419
15496675 16155329
568750147 585419344
14775118 15684571
9596940 9659385
5914634 7117884
229191245 238416604
496142633 512367279
28552366 30467283
5783514 6045820
54192096 56330481
19898165 20772508
62308600 62617303
51163707 54909299
85639446 87938465
122107948 123364254
73464789 78212724
45992063 50179227
11805006 11861767
666098275 670295231
122323736 124751990
21725712 23783923
1943065 2086485
24036755 24084029
4407827 4750959
85199249 90238313
35028106 64968843
2607080 2643580
272075948 359784763
17206096 18126364
13467213 14579766
13004734 14255151
561025116 598814303
54176133 56507525
36219150 37322852
19922873 20875387
2708997 3118459
425496372 433894184
13005028 14958152
25927580 26778079
29357041 32372414
46669315 47465667
49292872 50244101
21803013 32671547
9665834 10322371
35052012 57839921
19259192 19922907
69465736 72058247
4886354 5198796
210808248 228617400
96394902 100461519
58957117 61378349
548420900 593920265
545165565 550516521
8473278 8537730
172775918 193781243
6202546 6271207
70887974 74301239
38970905 41370774
91986077 96971281
10220058 10233270
4481368 6271993
102270818 112604349
2640138 3049696
226239161 228143676
104791471 105331437
10298924 10462498
10031457 12364367
615337576 642964802
224346514 224412318
366189729 396325657
152433955 154953469
26467251 32681830
35809102 36812028
204193135 263891972
35260618 38683688
182399308 186866462
22394354 22544785
92965904 98677517
31537304 31857545
70115373 73892159
31958332 32082336
68838388 68969576
6674674 6882142
16851814 17562324
21361240 22861168
314571143 326008338
90201654 95608593
21354609 23281670
610123030 628727918
416655295 496030728
360227374 365827388
18606125 20448932
71342803 75471910
17731500 19336982
1168800 1625171
370972576 371618642
72991516 88068254
17524385 20125583
35488083 39460453
51764366 55983397
12299516 12468593
206588897 209890591
