67108864
41943040
67108864
14680064
536870912
14680064
9568256
4194304
201326592
469762048
25165824
5767168
50331648
18874368
61865984
50331648
83886080
121634816
67108864
41943040
11796480
662700032
121634816
20971520
1835008
23986176
4194304
83886080
33554432
2097152
268435456
16777216
12582912
12582912
536870912
50331648
35651584
18874368
2621440
419430400
12582912
25165824
25165824
46137344
49283072
16777216
9437184
33554432
18874368
67108864
4718592
201326592
92274688
58720256
536870912
536870912
8388608
167772160
6160384
67108864
37748736
83886080
9961472
4194304
100663296
2621440
218103808
100663296
10223616
8388608
603979776
222298112
335544320
150994944
25165824
35651584
201326592
33554432
167772160
22020096
92274688
31457280
67108864
31457280
68681728
6291456
16777216
20971520
301989888
83886080
20971520
603979776
402653184
352321536
16777216
71303168
16777216
1048576
369098752
67108864
16777216
33554432
50331648
12058624
201326592
